0 0.366211 0.270833 0.083984 0.145833
0 0.222656 0.434028 0.085938 0.145833
0 0.562500 0.812500 0.097656 0.187500
1 0.457031 0.449653 0.093750 0.163194
2 0.299805 0.638889 0.083984 0.152778
2 0.361328 0.737847 0.085938 0.156250
2 0.451172 0.789931 0.085938 0.163194
2 0.750000 0.522569 0.097656 0.156250
3 0.476562 0.277778 0.105469 0.180556
5 0.367188 0.425347 0.089844 0.149306
5 0.404297 0.590278 0.101562 0.166667
4 0.506836 0.501736 0.091797 0.156250
4 0.509766 0.664931 0.093750 0.163194
5 0.611328 0.574653 0.097656 0.170139
