0 0.380859 0.211806 0.109375 0.180556
0 0.291016 0.449653 0.113281 0.190972
0 0.420898 0.789931 0.115234 0.204861
1 0.218750 0.659722 0.121094 0.215278
1 0.491211 0.340278 0.115234 0.201389
1 0.627930 0.401042 0.119141 0.204861
2 0.354492 0.623264 0.103516 0.184028
2 0.492188 0.637153 0.101562 0.177083
2 0.500977 0.489583 0.099609 0.180556
2 0.938477 0.364583 0.103516 0.180556
3 0.530273 0.168403 0.130859 0.225694
4 0.392578 0.500000 0.105469 0.187500
5 0.588867 0.553819 0.111328 0.197917
3 0.656250 0.361111 0.132812 0.236111
