0 0.298828 0.251736 0.082031 0.135417
0 0.446289 0.222222 0.083984 0.138889
0 0.474609 0.842014 0.089844 0.170139
1 0.493164 0.470486 0.087891 0.156250
2 0.266602 0.444444 0.076172 0.131944
2 0.318359 0.564236 0.082031 0.135417
2 0.352539 0.690972 0.080078 0.138889
2 0.646484 0.711806 0.082031 0.145833
3 0.581055 0.392361 0.103516 0.173611
5 0.427734 0.375000 0.082031 0.138889
5 0.419922 0.548611 0.085938 0.145833
4 0.518555 0.565972 0.083984 0.145833
4 0.435547 0.663194 0.082031 0.138889
5 0.521484 0.651042 0.089844 0.121528
