0 0.330729 0.286133 0.166667 0.123047
0 0.718750 0.487305 0.151042 0.115234
0 0.373698 0.715820 0.164062 0.123047
1 0.533854 0.674805 0.166667 0.126953
2 0.388021 0.589844 0.156250 0.109375
2 0.486979 0.457031 0.145833 0.109375
2 0.350260 0.408203 0.153646 0.113281
2 0.479167 0.345703 0.145833 0.113281
3 0.645833 0.267578 0.187500 0.144531
5 0.617188 0.399414 0.156250 0.119141
5 0.511719 0.500000 0.158854 0.121094
4 0.598958 0.540039 0.114583 0.111328
5 0.475260 0.587891 0.164062 0.117188
4 0.542969 0.765625 0.153646 0.101562
