0 0.208984 0.419271 0.121094 0.166667
0 0.435547 0.290365 0.128906 0.169271
0 0.418945 0.520833 0.119141 0.161458
1 0.541992 0.617188 0.130859 0.177083
2 0.316406 0.324219 0.113281 0.153646
2 0.515625 0.559896 0.113281 0.151042
2 0.395508 0.570312 0.115234 0.145833
2 0.773438 0.401042 0.109375 0.130208
3 0.336914 0.714844 0.146484 0.195312
4 0.333008 0.528646 0.111328 0.161458
5 0.540039 0.394531 0.126953 0.169271
4 0.652344 0.496094 0.117188 0.158854
5 0.691406 0.378906 0.101562 0.169271
5 0.797852 0.338542 0.123047 0.166667
