0 0.448242 0.522135 0.115234 0.127604
0 0.242188 0.433594 0.117188 0.158854
0 0.469727 0.312500 0.126953 0.171875
1 0.565430 0.627604 0.123047 0.151042
2 0.428711 0.584635 0.111328 0.127604
2 0.541992 0.576823 0.107422 0.138021
2 0.798828 0.434896 0.109375 0.130208
2 0.348633 0.343750 0.115234 0.151042
3 0.372070 0.703125 0.138672 0.171875
4 0.367188 0.537760 0.109375 0.148438
5 0.569336 0.417969 0.123047 0.164062
4 0.675781 0.522135 0.113281 0.148438
5 0.723633 0.410156 0.107422 0.169271
5 0.826172 0.373698 0.121094 0.169271
