0 0.3583984375 0.07500000000000001 0.197265625 0.14375000000000002
0 0.1044921875 0.20468750000000002 0.201171875 0.240625
0 0.044921875 0.6781250000000001 0.0859375 0.2625
0 0.2236328125 0.7937500000000001 0.216796875 0.28125
0 0.27734375 0.42500000000000004 0.20703125 0.25625000000000003
0 0.5 0.6328125 0.21484375 0.27187500000000003
0 0.587890625 0.1265625 0.19921875 0.234375
0 0.80859375 0.09062500000000001 0.19921875 0.1625
0 0.693359375 0.38906250000000003 0.20703125 0.253125
0 0.9306640625 0.33906250000000004 0.150390625 0.253125
0 0.7880859375 0.8640625000000001 0.220703125 0.284375
0 0.9501953125 0.6828125 0.107421875 0.27187500000000003
