0 0.380859375 0.21180555555555555 0.109375 0.18055555555555555
0 0.291015625 0.44965277777777773 0.11328125 0.1909722222222222
0 0.4208984375 0.7899305555555555 0.115234375 0.2048611111111111
1 0.21875 0.6597222222222222 0.12109375 0.21527777777777776
1 0.4912109375 0.34027777777777773 0.115234375 0.20138888888888887
1 0.6279296875 0.40104166666666663 0.119140625 0.2048611111111111
2 0.3544921875 0.6232638888888888 0.103515625 0.18402777777777776
2 0.4921875 0.6371527777777778 0.1015625 0.17708333333333331
2 0.5009765625 0.4895833333333333 0.099609375 0.18055555555555555
2 0.9384765625 0.3645833333333333 0.103515625 0.18055555555555555
